Applications Graphics Acceleration Info:
Uptime: 7746677 Realtime: 73931266

** Graphics info for pid 10914 [com.stagoo.rpscards] **

Stats since: 7609193598970ns
Total frames rendered: 541
Janky frames: 30 (5.55%)
Janky frames (legacy): 266 (49.17%)
50th percentile: 9ms
90th percentile: 21ms
95th percentile: 25ms
99th percentile: 34ms
Number Missed Vsync: 1
Number High input latency: 786
Number Slow UI thread: 21
Number Slow bitmap uploads: 4
Number Slow issue draw commands: 13
Number Frame deadline missed: 30
Number Frame deadline missed (legacy): 89
HISTOGRAM: 5ms=23 6ms=52 7ms=69 8ms=69 9ms=69 10ms=79 11ms=52 12ms=19 13ms=10 14ms=11 15ms=6 16ms=5 17ms=4 18ms=2 19ms=10 20ms=6 21ms=8 22ms=5 23ms=7 24ms=2 25ms=6 26ms=2 27ms=4 28ms=3 29ms=5 30ms=2 31ms=2 32ms=2 34ms=2 36ms=2 38ms=2 40ms=1 42ms=0 44ms=0 46ms=0 48ms=0 53ms=0 57ms=0 61ms=0 65ms=0 69ms=0 73ms=0 77ms=0 81ms=0 85ms=0 89ms=0 93ms=0 97ms=0 101ms=0 105ms=0 109ms=0 113ms=0 117ms=0 121ms=0 125ms=0 129ms=0 133ms=0 150ms=0 200ms=0 250ms=0 300ms=0 350ms=0 400ms=0 450ms=0 500ms=0 550ms=0 600ms=0 650ms=0 700ms=0 750ms=0 800ms=0 850ms=0 900ms=0 950ms=0 1000ms=0 1050ms=0 1100ms=0 1150ms=0 1200ms=0 1250ms=0 1300ms=0 1350ms=0 1400ms=0 1450ms=0 1500ms=0 1550ms=0 1600ms=0 1650ms=0 1700ms=0 1750ms=0 1800ms=0 1850ms=0 1900ms=0 1950ms=0 2000ms=0 2050ms=0 2100ms=0 2150ms=0 2200ms=0 2250ms=0 2300ms=0 2350ms=0 2400ms=0 2450ms=0 2500ms=0 2550ms=0 2600ms=0 2650ms=0 2700ms=0 2750ms=0 2800ms=0 2850ms=0 2900ms=0 2950ms=0 3000ms=0 3050ms=0 3100ms=0 3150ms=0 3200ms=0 3250ms=0 3300ms=0 3350ms=0 3400ms=0 3450ms=0 3500ms=0 3550ms=0 3600ms=0 3650ms=0 3700ms=0 3750ms=0 3800ms=0 3850ms=0 3900ms=0 3950ms=0 4000ms=0 4050ms=0 4100ms=0 4150ms=0 4200ms=0 4250ms=0 4300ms=0 4350ms=0 4400ms=0 4450ms=0 4500ms=0 4550ms=0 4600ms=0 4650ms=0 4700ms=0 4750ms=0 4800ms=0 4850ms=0 4900ms=0 4950ms=0
50th gpu percentile: 3ms
90th gpu percentile: 8ms
95th gpu percentile: 9ms
99th gpu percentile: 9ms
GPU HISTOGRAM: 1ms=0 2ms=71 3ms=333 4ms=62 5ms=12 6ms=2 7ms=6 8ms=27 9ms=23 10ms=4 11ms=1 12ms=0 13ms=0 14ms=0 15ms=0 16ms=0 17ms=0 18ms=0 19ms=0 20ms=0 21ms=0 22ms=0 23ms=0 24ms=0 25ms=0 4950ms=0

Pipeline=Skia (OpenGL)
Memory policy:
  Max surface area: 2073600
  Max resource usage: 99.53MB (x48)
  Background retention: 50% (altUiHidden = true)
  GPU Context timeout: 10
Contexts: 1 (stopped = 0)
CPU Caches:
  Glyph Cache: 1.49 MB (1 entry)
  Glyph Count: 96 
Total CPU memory usage:
  1560306 bytes, 1.49 MB (0.00 bytes is purgeable)
GPU Caches:
  Other:
    TextBlobCache: 316.95 KB (1 entry)
    Buffer Object: 464.00 bytes (2 entries)
    StencilAttachment: 512.00 KB (1 entry)
  Image:
    Texture: 69.23 MB (14 entries)
  Scratch:
    RenderTarget: 128.00 KB (1 entry)
    Buffer Object: 78.00 KB (2 entries)
    Texture: 8.49 MB (8 entries)
Total GPU memory usage:
  82552088 bytes, 78.73 MB (29.74 MB is purgeable)

GraphicBufferAllocator buffers:
            Handle |         Size |     W (Stride) x H | Layers |   Format |      Usage | Requestor
0xb4000075aa31e620 |  5992.50 KiB |  900 ( 960) x 1598 |      1 |        1 | 0x10000900 | VRI[MainActivity]@abec608#0(BLAST Consumer)0
0xb4000075aa31f0d0 |  5992.50 KiB |  900 ( 960) x 1598 |      1 |        1 | 0x10000900 | VRI[MainActivity]@abec608#0(BLAST Consumer)0
0xb4000075aa320120 |  5992.50 KiB |  900 ( 960) x 1598 |      1 |        1 | 0x10000900 | VRI[MainActivity]@abec608#0(BLAST Consumer)0
0xb4000075aa320480 |  5992.50 KiB |  900 ( 960) x 1598 |      1 |        1 | 0x10000900 | VRI[MainActivity]@abec608#0(BLAST Consumer)0
Total allocated by GraphicBufferAllocator (estimate): 23970.00 KB
Imported gralloc buffers:
+ name:VRI[MainActivity]@abec608#0(BLAST Consumer)0, id:1858, size:6028.00KiB, w/h:900x1598, usage: 0x10000900, req fmt:1, fourcc/mod:875708993/0, dataspace: 0x0, compressed: true
	planes: R/G/B/A:	 w/h:900x1598, stride:3840 bytes, size:6172672
+ name:VRI[MainActivity]@abec608#0(BLAST Consumer)0, id:1861, size:6028.00KiB, w/h:900x1598, usage: 0x10000900, req fmt:1, fourcc/mod:875708993/0, dataspace: 0x0, compressed: true
	planes: R/G/B/A:	 w/h:900x1598, stride:3840 bytes, size:6172672
+ name:VRI[MainActivity]@abec608#0(BLAST Consumer)0, id:1860, size:6028.00KiB, w/h:900x1598, usage: 0x10000900, req fmt:1, fourcc/mod:875708993/0, dataspace: 0x0, compressed: true
	planes: R/G/B/A:	 w/h:900x1598, stride:3840 bytes, size:6172672
+ name:VRI[MainActivity]@abec608#0(BLAST Consumer)0, id:1859, size:6028.00KiB, w/h:900x1598, usage: 0x10000900, req fmt:1, fourcc/mod:875708993/0, dataspace: 0x0, compressed: true
	planes: R/G/B/A:	 w/h:900x1598, stride:3840 bytes, size:6172672
Total imported by gralloc: 24112.00KiB

Profile data in ms:

	com.stagoo.rpscards/com.stagoo.rpscards.MainActivity/android.view.ViewRootImpl@c99ca01 (visibility=0)
Window: com.stagoo.rpscards/com.stagoo.rpscards.MainActivity
Stats since: 7609193597616ns
Total frames rendered: 541
Janky frames: 30 (5.55%)
Janky frames (legacy): 266 (49.17%)
50th percentile: 9ms
90th percentile: 21ms
95th percentile: 25ms
99th percentile: 34ms
Number Missed Vsync: 1
Number High input latency: 786
Number Slow UI thread: 21
Number Slow bitmap uploads: 4
Number Slow issue draw commands: 13
Number Frame deadline missed: 30
Number Frame deadline missed (legacy): 89
HISTOGRAM: 5ms=23 6ms=52 7ms=69 8ms=69 9ms=69 10ms=79 11ms=52 12ms=19 13ms=10 14ms=11 15ms=6 16ms=5 17ms=4 18ms=2 19ms=10 20ms=6 21ms=8 22ms=5 23ms=7 24ms=2 25ms=6 26ms=2 27ms=4 28ms=3 29ms=5 30ms=2 31ms=2 32ms=2 34ms=2 36ms=2 38ms=2 40ms=1 42ms=0 44ms=0 46ms=0 48ms=0 53ms=0 57ms=0 61ms=0 65ms=0 69ms=0 73ms=0 77ms=0 81ms=0 85ms=0 89ms=0 93ms=0 97ms=0 101ms=0 105ms=0 109ms=0 113ms=0 117ms=0 121ms=0 125ms=0 129ms=0 133ms=0 150ms=0 200ms=0 250ms=0 300ms=0 350ms=0 400ms=0 450ms=0 500ms=0 550ms=0 600ms=0 650ms=0 700ms=0 750ms=0 800ms=0 850ms=0 900ms=0 950ms=0 1000ms=0 1050ms=0 1100ms=0 1150ms=0 1200ms=0 1250ms=0 1300ms=0 1350ms=0 1400ms=0 1450ms=0 1500ms=0 1550ms=0 1600ms=0 1650ms=0 1700ms=0 1750ms=0 1800ms=0 1850ms=0 1900ms=0 1950ms=0 2000ms=0 2050ms=0 2100ms=0 2150ms=0 2200ms=0 2250ms=0 2300ms=0 2350ms=0 2400ms=0 2450ms=0 2500ms=0 2550ms=0 2600ms=0 2650ms=0 2700ms=0 2750ms=0 2800ms=0 2850ms=0 2900ms=0 2950ms=0 3000ms=0 3050ms=0 3100ms=0 3150ms=0 3200ms=0 3250ms=0 3300ms=0 3350ms=0 3400ms=0 3450ms=0 3500ms=0 3550ms=0 3600ms=0 3650ms=0 3700ms=0 3750ms=0 3800ms=0 3850ms=0 3900ms=0 3950ms=0 4000ms=0 4050ms=0 4100ms=0 4150ms=0 4200ms=0 4250ms=0 4300ms=0 4350ms=0 4400ms=0 4450ms=0 4500ms=0 4550ms=0 4600ms=0 4650ms=0 4700ms=0 4750ms=0 4800ms=0 4850ms=0 4900ms=0 4950ms=0
50th gpu percentile: 3ms
90th gpu percentile: 8ms
95th gpu percentile: 9ms
99th gpu percentile: 9ms
GPU HISTOGRAM: 1ms=0 2ms=71 3ms=333 4ms=62 5ms=12 6ms=2 7ms=6 8ms=27 9ms=23 10ms=4 11ms=1 12ms=0 13ms=0 14ms=0 15ms=0 16ms=0 17ms=0 18ms=0 19ms=0 20ms=0 21ms=0 22ms=0 23ms=0 24ms=0 25ms=0 4950ms=0



---PROFILEDATA---
Flags,FrameTimelineVsyncId,IntendedVsync,Vsync,InputEventId,HandleInputStart,AnimationStart,PerformTraversalsStart,DrawStart,FrameDeadline,FrameStartTime,FrameInterval,WorkloadTarget,SyncQueued,SyncStart,IssueDrawCommandsStart,SwapBuffers,FrameCompleted,DequeueBufferDuration,QueueBufferDuration,GpuCompleted,SwapBuffersCompleted,DisplayPresentTime,CommandSubmissionCompleted,
0,1334125,7678592475473,7678592475473,0,7678592847069,7678592848162,7678593289516,7678593454621,7678617497809,7678592843371,8343931,8333333,7678594749673,7678594848683,7678595049569,7678600365402,7678603628006,2736094,317032,7678603628006,7678601402433,7678625725245,7678600365402,
0,1334133,7678600818196,7678600818196,0,7678601419048,7678601420141,7678601822694,7678602263423,7678625841740,7678601414048,8343841,8333333,7678603281756,7678603407381,7678603644725,7678610452641,7678615181756,3261719,291198,7678615181756,7678611146600,7678634068162,7678610452641,
0,1334141,7678609160696,7678609160696,0,7678609607016,7678609608631,7678610140350,7678611260141,7678634185581,7678609602537,8343736,8333333,7678612538266,7678612707173,7678612970766,7678617072381,7678619958006,627291,232916,7678619958006,7678617950714,7678642411599,7678617072381,
0,1334149,7678617503701,7678617503701,0,7678617885975,7678617886912,7678618377173,7678618558214,7678642529317,7678617882225,8343677,8333333,7678619481131,7678619579048,7678619784621,7678626816131,7678630253839,2891667,264010,7678630253839,7678627444985,7678650755506,7678626816131,
0,1334157,7678625846904,7678625846904,0,7678626237016,7678626238006,7678626728110,7678627352537,7678650872994,7678626233423,8343636,8333333,7678628584933,7678628725454,7678629012016,7678636048371,7678640410037,2889844,236563,7678640410037,7678636837381,7678659099048,7678636048371,
0,1334165,7678634190063,7678634190063,0,7678634561808,7678634562746,7678635013735,7678636081391,7678659216630,7678634558266,8343596,8333333,7678637348891,7678637478006,7678637792433,7678640909933,7678644099881,280833,219427,7678644099881,7678641629464,7678667442953,7678640909933,
0,1334173,7678642533059,7678642533059,0,7678642918266,7678642919100,7678643294100,7678643446548,7678667560226,7678642914829,8343546,8333333,7678644518110,7678644624569,7678644833579,7678651134777,7678655471496,3596927,249219,7678655471496,7678652398110,7678675785922,7678651134777,
0,1334181,7678650876063,7678650876063,0,7678651255246,7678651256391,7678652480662,7678652690662,7678675903772,7678651251860,8343499,8333333,7678653671235,7678653769360,7678654049412,7678657815141,7678660971131,901197,226458,7678660971131,7678658552641,7678684128787,7678657815141,
0,1334189,7678659219160,7678659219160,0,7678659629569,7678659631131,7678660171860,7678660345871,7678684247271,7678659625610,8343459,8333333,7678661533006,7678661639516,7678661883735,7678666641496,7678669800141,2064739,212553,7678669800141,7678667336964,7678692471234,7678666641496,
0,1334197,7678667562268,7678667562268,0,7678667892068,7678667893006,7678668294777,7678668477850,7678692590730,7678667887485,8343421,8333333,7678669721443,7678669831652,7678670086391,7678674586339,7678677838214,1874323,233906,7678677838214,7678675389308,7678700814725,7678674586339,
0,1334205,7678675905596,7678675905596,0,7678676348214,7678676349621,7678676729829,7678676901443,7678700934151,7678676341860,8343403,8333333,7678677867850,7678677999360,7678678209881,7678684615714,7678687775089,3535364,454479,7678687775089,7678685648787,7678709158266,7678684615714,
0,1334213,7678684249101,7678684249101,0,7678684632693,7678684633683,7678685122954,7678685879933,7678709277554,7678684628943,8343409,8333333,7678686797121,7678686917173,7678687151339,7678692638475,7678697197641,2754791,213802,7678697197641,7678693544829,7678717501963,7678692638475,
0,1334221,7678692592466,7678692592466,0,7678692968162,7678692969256,7678693424100,7678693762589,7678717620963,7678692964256,8343406,8333333,7678694795662,7678694900037,7678695139933,7678699227798,7678702401808,1387292,245833,7678702401808,7678700044308,7678725846496,7678699227798,
0,1334229,7678700935722,7678700935722,0,7678701323475,7678701324881,7678701739100,7678701942954,7678725964369,7678701319152,8343401,8333333,7678703018735,7678703138943,7678703384048,7678707250558,7678710532850,1562552,207188,7678710532850,7678708047641,7678734190975,7678707250558,
0,1334237,7678709279059,7678709279059,0,7678709613475,7678709614308,7678709970871,7678710154204,7678734307770,7678709609308,8343403,8333333,7678711148683,7678711269308,7678711503787,7678715968162,7678719169308,1719323,238907,7678719169308,7678716751287,7678742534412,7678715968162,
0,1334245,7678717622427,7678717622427,0,7678717956808,7678717957485,7678718291756,7678718455506,7678742651173,7678717953318,8343406,8333333,7678719423839,7678719522485,7678719722589,7678724403996,7678727635402,1998646,287448,7678727635402,7678725189412,7678750877537,7678724403996,
0,1334253,7678725965879,7678725965879,0,7678726379829,7678726380818,7678726864881,7678727048266,7678750994579,7678726375975,8343414,8333333,7678728375506,7678728477173,7678728684516,7678733132433,7678736517850,2037292,231979,7678736517850,7678733931027,7678759221183,7678733132433,
0,1334261,7678734309551,7678734309551,0,7678734733058,7678734734308,7678735174725,7678735369985,7678759337993,7678734727954,8343434,8333333,7678736550402,7678736662329,7678736900923,7678741167329,7678744578423,1552239,226511,7678744578423,7678741930089,7678767564880,7678741167329,
0,1334269,7678742653366,7678742653366,0,7678743035141,7678743036131,7678743389621,7678743592693,7678767681427,7678743030871,8343458,8333333,7678745012954,7678745134985,7678745387016,7678750259516,7678753765766,1943750,273437,7678753765766,7678751310037,7678775909568,7678750259516,
0,1334277,7678750996975,7678750996975,0,7678751403162,7678751404100,7678751894152,7678752146131,7678776024885,7678751399360,8343461,8333333,7678753603787,7678753883631,7678754109100,7678758177068,7678761755141,1694062,198333,7678761755141,7678758886808,7678784254099,7678758177068,
0,1334285,7678759340523,7678759340523,0,7678759681391,7678759682381,7678760092537,7678760319829,7678784368346,7678759676704,8343462,8333333,7678761506756,7678761610246,7678761824360,7678766777329,7678770205350,2105885,239532,7678770205350,7678767511443,7678792598943,7678766777329,
0,1334293,7678767684174,7678767684174,0,7678768128266,7678768129829,7678768598162,7678768824360,7678792711808,7678768122485,8343473,8333333,7678769910818,7678770022693,7678770405193,7678774245558,7678777823787,1410052,198541,7678777823787,7678775022121,7678800943891,7678774245558,
0,1334301,7678776027845,7678776027845,0,7678776421548,7678776422381,7678776840662,7678777056600,7678801055281,7678776414829,8343484,8333333,7678777997277,7678778095558,7678778315298,7678782249256,7678785733475,1440469,199479,7678785733475,7678782988214,7678809288318,7678782249256,
0,1334309,7678784371848,7678784371848,0,7678784787121,7678784788735,7678785300923,7678785517641,7678809398765,7678784782121,8343519,8333333,7678786480089,7678786566860,7678786775871,7678791755402,7678795376339,2019792,234480,7678795376339,7678792588631,7678817632120,7678791755402,
0,1334317,7678792716112,7678792716112,0,7678793108423,7678793109933,7678793717485,7678794006287,7678817742284,7678793104048,8343572,8333333,7678797750923,7678797877746,7678798175089,7678801014933,7678806672537,13021,672917,7678806672537,7678803470246,7678825976703,7678801014933,
0,1334325,7678801060596,7678801060596,0,7678801384568,7678801385246,7678801936652,7678803664881,7678826085856,7678801381496,8343636,8333333,7678805077850,7678805177589,7678805420089,7678807679308,7678810887173,9844,252500,7678810887173,7678808423579,7678834320454,7678807679308,
0,1334333,7678809405258,7678809405258,0,7678809764933,7678809765818,7678810218787,7678810364152,7678834429492,7678809761079,8343706,8333333,7678812291131,7678812369516,7678812610714,7678815899725,7678819488058,847344,205625,7678819488058,7678816711183,7678842664255,7678815899725,
0,1334341,7678817750007,7678817750007,0,7678818118475,7678818120298,7678818626235,7678818808631,7678842773198,7678818113423,8343779,8333333,7678820913891,7678821281912,7678821855610,7678824356600,7678827962850,11354,196250,7678827962850,7678825071704,7678851008839,7678824356600,
0,1334349,7678826094763,7678826094763,0,7678826510871,7678826512016,7678827889516,7678828091808,7678851116977,7678826505193,8343853,8333333,7678828939048,7678829035402,7678829294985,7678833159256,7678836359152,1254271,199323,7678836359152,7678833829725,7678859353683,7678833159256,
0,1334357,7678834439645,7678834439645,0,7678834748787,7678834749829,7678835153631,7678835287068,7678859460830,7678834745558,8343933,8333333,7678836991652,7678837060246,7678837233787,7678840812850,7678844127068,832396,176093,7678844127068,7678841531079,7678867697589,7678840812850,
0,1334365,7678842784507,7678842784507,0,7678843051600,7678843053214,7678843452485,7678843620610,7678867804763,7678843047225,8344012,8333333,7678845359308,7678845626079,7678846094881,7678848191964,7678852293371,11980,192813,7678852293371,7678848666912,7678876041495,7678848191964,
0,1334373,7678851129212,7678851129212,0,7678851544673,7678851545558,7678852777641,7678852952693,7678876148775,7678851541079,8344075,8333333,7678853689100,7678853785350,7678854016964,7678858035246,7678861255141,1291875,218021,7678861255141,7678858764360,7678884385870,7678858035246,
0,1334381,7678859473927,7678859473927,0,7678859786027,7678859787485,7678860253579,7678860433996,7678884492850,7678859781027,8344132,8333333,7678865295975,7678865404673,7678865676652,7678867446339,7678869420246,11042,440990,7678869420246,7678868622798,7678892729203,7678867446339,
0,1334389,7678867818587,7678867818587,0,7678870271027,7678870272381,7678870749152,7678871225558,7678892836982,7678870267329,8344175,8333333,7678871502537,7678871555298,7678871690037,7678873258266,7678875620610,9479,178750,7678875620610,7678873620558,7678901072954,7678873258266,
0,1334397,7678876163117,7678876163117,0,7678876580350,7678876581079,7678877388110,7678877828006,7678901181157,7678876578318,8344206,8333333,7678877885766,7678877990089,7678878108943,7678882079256,7678883945141,1753073,287448,7678883945141,7678882933162,7678909416912,7678882079256,
0,1335451,7689191336805,7689191336805,-841735915,7689191978054,7689195452481,7689195661179,7689195775346,7689199670138,7689191976335,8346485,8333333,7689195962429,7689196055450,7689196199460,7689197634773,7689199549096,18490,205157,7689199549096,7689198460398,7689207905450,7689197634773,
0,1335473,7689199683290,7689199683290,-579119724,7689200700606,7689201929773,7689202248106,7689202359460,7689208016623,7689200699200,8346485,8333333,7689202574877,7689202728731,7689202855710,7689205627689,7689207492898,7448,220468,7689207492898,7689206342533,7689216251231,7689205627689,
0,1335495,7689208029775,7689208029775,-433830601,7689209402742,7689210408210,7689211312637,7689211763575,7689216363108,7689209400762,8346485,8333333,7689211924356,7689211992117,7689212174044,7689213851387,7689215758158,9792,177708,7689215758158,7689214478002,7689224596960,7689213851387,
0,1335517,7689216381939,7689216381939,-460730858,7689217095606,7689218075294,7689218476023,7689218586283,7689224715272,7689217093783,8346678,8333333,7689218734564,7689218910658,7689219027429,7689221214408,7689223062221,7344,208958,7689223062221,7689221905398,7689232943314,7689221214408,
0,1335539,7689224724748,7689224724748,-510412548,7689225584304,7689226796596,7689227263367,7689227482169,7689233058081,7689225581908,8346653,8333333,7689227656596,7689227814981,7689228150606,7689230948992,7689232983210,16458,285208,7689232983210,7689231806387,7689241288783,7689230948992,
0,1335561,7689233073601,7689233073601,-526889132,7689233991127,7689235487169,7689235838158,7689236253783,7689241406934,7689233988367,8346606,8333333,7689236628887,7689236805398,7689237111960,7689238932794,7689240859252,12136,220260,7689240859252,7689239674617,7689249634616,7689238932794,
0,1335583,7689241417022,7689241417022,-422203882,7689241847221,7689242910658,7689243347689,7689243459773,7689249750355,7689241844408,8346575,8333333,7689243625033,7689243705346,7689243837689,7689245870814,7689247425971,7708,239011,7689247425971,7689246362429,7689257979824,7689245870814,
0,1335605,7689249764487,7689249764487,-155240443,7689250713627,7689252507273,7689252960867,7689253140762,7689258097820,7689250711492,8346529,8333333,7689253511544,7689253773262,7689254045814,7689255683783,7689257557742,12552,248073,7689257557742,7689256502742,7689266324668,7689255683783,
0,1335627,7689258108873,7689258108873,-709783161,7689259071960,7689260229564,7689260787950,7689260916335,7689266442206,7689259069721,8346485,8333333,7689261155762,7689261250294,7689261496387,7689264222221,7689266162481,16614,228333,7689266162481,7689264992637,7689274670450,7689264222221,
0,1335649,7689266461624,7689266461624,-258805615,7689267398679,7689268633471,7689269084096,7689269238992,7689274794957,7689267396596,8346431,8333333,7689269647481,7689269839669,7689270159773,7689272211023,7689274066492,23334,226145,7689274066492,7689272938419,7689283015606,7689272211023,
0,1335671,7689274805971,7689274805971,-999726486,7689275560137,7689276528419,7689276925398,7689277031075,7689283139304,7689275558262,8346367,8333333,7689277176596,7689277321179,7689277529304,7689279553210,7689281248262,19792,198490,7689281248262,7689279973002,7689291360293,7689279553210,
0,1335693,7689283145518,7689283145518,-291610507,7689284688002,7689285942012,7689286573054,7689286851544,7689291478851,7689284685814,8346313,8333333,7689287212950,7689287319564,7689287476231,7689290145294,7689292118471,11562,226667,7689292118471,7689290894460,7689299705867,7689290145294,
0,1335715,7689291490911,7689291490911,-1044993143,7689292322325,7689293414512,7689293791908,7689293935710,7689308171477,7689292319773,8346257,8333333,7689294101387,7689294182325,7689294325137,7689296402533,7689298138002,9323,188021,7689298138002,7689297039564,7689308051543,7689296402533,
0,1335737,7689299838095,7689299838095,-225178316,7689300818002,7689301983783,7689302382794,7689302494408,7689316517734,7689300815971,8346196,8333333,7689302640137,7689302734460,7689303000762,7689305657950,7689307609825,24062,238854,7689307609825,7689306406075,7689316397012,7689305657950,
0,1335759,7689308186959,7689308186959,-124724722,7689309080867,7689310208054,7689310570814,7689310751127,7689324863930,7689309078471,8346143,8333333,7689311014512,7689311110450,7689311390554,7689313772898,7689315562325,24895,264740,7689315562325,7689314571908,7689324742325,7689313772898,
0,1335781,7689316533733,7689316533733,-1022436994,7689317448158,7689318731804,7689319138419,7689319252794,7689333210073,7689317445971,8346097,8333333,7689319415502,7689319493939,7689319664981,7689322317064,7689324258679,9427,268177,7689324258679,7689323153731,7689333087376,7689322317064,
0,1335803,7689324872018,7689324872018,-626834104,7689325817221,7689326921023,7689327300762,7689327457533,7689341556170,7689325815398,8346055,8333333,7689327789252,7689327930033,7689328144044,7689330493783,7689332284617,20938,265729,7689332284617,7689331289252,7689341432793,7689330493783,
0,1335825,7689333216988,7689333216988,-158948176,7689334337429,7689335704773,7689336255867,7689336393106,7689349902225,7689334334564,8345982,8333333,7689336576960,7689336679304,7689336892429,7689338820450,7689340731335,18230,248646,7689340731335,7689339622169,7689349778470,7689338820450,
0,1335847,7689341561713,7689341561713,-814311428,7689342394408,7689343409252,7689343848471,7689344079304,7689358248207,7689342392325,8345892,8333333,7689344271856,7689344355919,7689344547012,7689346326596,7689348104044,15885,227604,7689348104044,7689347039877,7689358124304,7689346326596,
0,1335869,7689349906236,7689349906236,-348445644,7689350655971,7689351852325,7689352347221,7689352457846,7689366594099,7689350653783,8345786,8333333,7689352618835,7689352697689,7689352841335,7689354930554,7689356864669,9584,263073,7689356864669,7689355747273,7689366470085,7689354930554,
0,1335891,7689358250697,7689358250697,-696398220,7689359245710,7689360722689,7689361115971,7689361229617,7689374939885,7689359243367,8345677,8333333,7689361387429,7689361535398,7689361764356,7689363776804,7689365551752,22239,236146,7689365551752,7689364556700,7689374815814,7689363776804,
0,1335913,7689366595104,7689366595104,-78895177,7689367548419,7689368914304,7689369381439,7689369503106,7689383285562,7689367546491,8345565,8333333,7689369737637,7689369889929,7689370181596,7689372399564,7689374343366,24427,258386,7689374343366,7689373183366,7689383161595,7689372399564,
0,1335935,7689374939195,7689374939195,-294115019,7689375942169,7689377209512,7689377745762,7689377881908,7689391631127,7689375940137,8345425,8333333,7689378300085,7689378461752,7689378829721,7689380462116,7689382386335,21042,207292,7689382386335,7689381158054,7689391507845,7689380462116,
0,1335957,7689383284650,7689383284650,-30502792,7689384225866,7689385470346,7689385894044,7689386037377,7689399976552,7689384222689,8345420,8333333,7689386220294,7689386313627,7689386468835,7689389251544,7689391221439,12708,209687,7689391221439,7689389957169,7689399853835,7689389251544,
0,1335979,7689391630193,7689391630193,-595922932,7689393384408,7689394453887,7689395132794,7689395414773,7689408321972,7689393382012,8345422,8333333,7689395828106,7689395928627,7689396169825,7689398029200,7689399780919,20208,225989,7689399780919,7689398725137,7689408200450,7689398029200,
0,1336001,7689399975951,7689399975951,-883476103,7689400738262,7689401802794,7689402193627,7689402316908,7689416667394,7689400736544,8345439,8333333,7689402469825,7689402549304,7689402756856,7689406978106,7689409211387,14531,572969,7689409211387,7689408284773,7689416546960,7689406978106,
0,1336023,7689408321914,7689408321914,-1018540886,7689409683575,7689410782325,7689411209356,7689411343939,7689425012833,7689409681387,8345474,8333333,7689411520033,7689411636231,7689411977585,7689414312429,7689416212273,24583,229531,7689416212273,7689415022533,7689424893678,7689414312429,
0,1336045,7689416668122,7689416668122,-552684190,7689417388835,7689418509721,7689418843054,7689418961908,7689433358307,7689417386804,8345524,8333333,7689419131283,7689419208314,7689419354096,7689421276075,7689423167012,9011,248646,7689423167012,7689422007585,7689433240188,7689421276075,
0,1336067,7689425014589,7689425014589,-558739088,7689425851179,7689426936387,7689427414825,7689427534148,7689441703831,7689425848991,8345592,8333333,7689427697377,7689427782325,7689427962741,7689429945971,7689431928314,43802,200365,7689431928314,7689430665971,7689441586960,7689429945971,
0,1336089,7689433361232,7689433361232,-936449458,7689434193158,7689435247221,7689435570346,7689435686856,7689450049423,7689434191127,8345668,8333333,7689435870762,7689435943887,7689436169929,7689438126700,7689440147377,13958,188854,7689440147377,7689438807741,7689449932845,7689438126700,
0,1336111,7689441707946,7689441707946,-926394443,7689442693262,7689443882273,7689444371752,7689444493783,7689458395091,7689442691439,8345743,8333333,7689444713783,7689444937221,7689445242741,7689447316283,7689449275502,80416,259323,7689449275502,7689448146700,7689458278783,7689447316283,
0,1336133,7689450054896,7689450054896,-375928522,7689450829044,7689451962637,7689452307950,7689452420554,7689466740834,7689450826544,8345833,8333333,7689452615919,7689452736387,7689452902064,7689455064200,7689457012950,20156,202084,7689457012950,7689455747169,7689466624564,7689455064200,
0,1336155,7689458401745,7689458401745,-709973857,7689459171335,7689460310085,7689460648627,7689460759669,7689475086667,7689459169564,8345912,8333333,7689460915762,7689461013991,7689461154252,7689464451283,7689466423523,10052,216354,7689466423523,7689465177533,7689474970502,7689464451283,
0,1336177,7689466748445,7689466748445,-576889555,7689467340346,7689467394148,7689467865137,7689468104304,7689483432579,7689467338002,8345974,8333333,7689468833627,7689468910241,7689469054408,7689470278731,7689472435658,9271,358958,7689472435658,7689471045450,7689483317533,7689470278731,
0,1336185,7689475095068,7689475095068,0,7689475367741,7689475368523,7689475661856,7689475772898,7689491778553,7689475364721,8346029,8333333,7689476493419,7689476562064,7689476679044,7689477727064,7689480755658,9948,339115,7689480755658,7689478520658,7689491663522,7689477727064,
0,1336193,7689483441641,7689483441641,0,7689483725294,7689483726075,7689484357012,7689484492064,7689500124582,7689483722064,8346079,8333333,7689485378471,7689485474877,7689485619304,7689486710554,7689489216596,11771,608385,7689489216596,7689487742950,7689500009252,7689486710554,
0,1336201,7689491788404,7689491788404,0,7689492206335,7689492208314,7689492771283,7689492956075,7689508470661,7689492197221,8346138,8333333,7689494001127,7689494080346,7689494257221,7689495607481,7689498126491,13958,608958,7689498126491,7689496679877,7689508354877,7689495607481,
0,1336209,7689500135039,7689500135039,0,7689500538262,7689500539252,7689501080294,7689501212741,7689516816799,7689500534773,8346184,8333333,7689502285033,7689502388939,7689502558002,7689504491075,7689506608210,13489,324896,7689506608210,7689505567637,7689516699460,7689504491075,
0,1336217,7689508481457,7689508481457,0,7689508942116,7689508943366,7689509729252,7689509882481,7689525162983,7689508938366,8346210,8333333,7689510979460,7689511097221,7689511257169,7689513185762,7689515029148,10468,427813,7689515029148,7689513992221,7689525044355,7689513185762,
0,1336225,7689516827675,7689516827675,0,7689517395033,7689517397064,7689518093887,7689518296127,7689533509193,7689517390710,8346219,8333333,7689519375866,7689519488783,7689519649929,7689521912950,7689523953002,11718,307500,7689523953002,7689522920033,7689533388835,7689521912950,
0,1336233,7689525173474,7689525173474,0,7689525629356,7689525630398,7689526210710,7689526371648,7689541855412,7689525625294,8346199,8333333,7689527533887,7689527624252,7689527878419,7689529869512,7689531726231,11198,288802,7689531726231,7689530704512,7689541733574,7689529869512,
0,1336241,7689533518977,7689533518977,0,7689533920919,7689533921856,7689534485085,7689534621179,7689550201611,7689533917533,8346159,8333333,7689535900346,7689535983575,7689536319721,7689538151700,7689539933158,11198,487813,7689539933158,7689539099721,7689550079251,7689538151700,
0,1336249,7689541864101,7689541864101,0,7689542277273,7689542278054,7689542751960,7689542867533,7689558547770,7689542274044,8346094,8333333,7689543590658,7689543716700,7689543945658,7689545225241,7689548144408,12656,371667,7689548144408,7689545971023,7689558424720,7689545225241,
0,1336257,7689550208914,7689550208914,0,7689550596544,7689550597429,7689551139460,7689551279200,7689566893864,7689550592741,8346008,8333333,7689552996023,7689553085502,7689553282898,7689554906596,7689557036804,17448,329271,7689557036804,7689555922012,7689566768835,7689554906596,
0,1336265,7689558553672,7689558553672,0,7689559097012,7689559098054,7689559686231,7689559823627,7689575239872,7689559093523,8345918,8333333,7689561004460,7689561052741,7689561291491,7689562497846,7689565183731,10677,425729,7689565183731,7689563383523,7689575113887,7689562497846,
0,1336273,7689566898391,7689566898391,0,7689567304356,7689567305450,7689567938262,7689568168210,7689583585790,7689567300762,8345828,8333333,7689569079825,7689569181387,7689569355814,7689570929981,7689572898991,11979,337240,7689572898991,7689571716439,7689583458991,7689570929981,
0,1336281,7689575242729,7689575242729,0,7689575683210,7689575684200,7689576687221,7689576920658,7689591931618,7689575679825,8345715,8333333,7689578656387,7689579312116,7689579695814,7689581941596,7689583779044,36563,331927,7689583779044,7689582768783,7689591804252,7689581941596,
0,1336289,7689583587038,7689583587038,0,7689584419877,7689584420658,7689586071960,7689586190606,7689600277333,7689584416752,8345606,8333333,7689588533887,7689588623210,7689588787533,7689589742168,7689591960606,11354,182500,7689591960606,7689590392221,7689600149720,7689589742168,
0,1336297,7689591931339,7689591931339,0,7689592307012,7689592307689,7689592809356,7689593247950,7689608622939,7689592304564,8345502,8333333,7689594083575,7689594153887,7689594270554,7689595773627,7689597727064,7344,188750,7689597727064,7689596344616,7689608495189,7689595773627,
0,1336305,7689600275731,7689600275731,0,7689600536387,7689600537273,7689600952377,7689601069408,7689616968441,7689600533627,8345411,8333333,7689603815137,7689604255293,7689604449668,7689605559616,7689607464981,12396,260104,7689607464981,7689606330606,7689616840605,7689605559616,
0,1336313,7689608620244,7689608620244,0,7689609007116,7689609008158,7689609667221,7689611149668,7689625313852,7689609003731,8345334,8333333,7689612570137,7689612645346,7689612798054,7689613687533,7689615643679,9583,242917,7689615643679,7689614526387,7689625185605,7689613687533,
0,1336321,7689616964956,7689616964956,0,7689617289200,7689617289929,7689618521387,7689618632793,7689633659186,7689617286700,8345278,8333333,7689619234200,7689619711543,7689619843575,7689621204408,7689623094564,12344,182708,7689623094564,7689621828783,7689633530813,7689621204408,
0,1336329,7689625309744,7689625309744,0,7689625668523,7689625669616,7689626195398,7689626744043,7689642004464,7689625664929,8345230,8333333,7689627359564,7689627427012,7689627539981,7689628940241,7689630920033,6614,202553,7689630920033,7689629481960,7689641876543,7689628940241,
0,1336337,7689633654510,7689633654510,0,7689633917950,7689633918783,7689634359304,7689634480085,7689650349694,7689633914616,8345184,8333333,7689636381491,7689636523887,7689636776023,7689638557585,7689640529825,18646,289115,7689640529825,7689639411700,7689650221699,7689638557585,
0,1336345,7689641999322,7689641999322,0,7689642413471,7689642414408,7689643090918,7689644441700,7689658694878,7689642409616,8345144,8333333,7689645568731,7689645959564,7689646311491,7689647404043,7689649228575,13646,461823,7689649228575,7689648360189,7689658565657,7689647404043,
0,1336353,7689650344312,7689650344312,0,7689650690658,7689650691596,7689652404825,7689652538106,7689667040022,7689650687012,8345119,8333333,7689653227377,7689653911908,7689654160658,7689655720189,7689657714252,19688,220833,7689657714252,7689656546387,7689666910814,7689655720189,
0,1336361,7689658689533,7689658689533,0,7689659009408,7689659010450,7689659554096,7689659655189,7689675385141,7689659003054,8345120,8333333,7689660720137,7689660787273,7689660918523,7689662209721,7689663900606,7188,166667,7689663900606,7689662654721,7689675255658,7689662209721,
0,1336369,7689667034578,7689667034578,0,7689667286023,7689667286960,7689667743210,7689667863002,7689683730261,7689667283002,8345115,8333333,7689669829252,7689670051179,7689670335554,7689671615502,7689673514564,25469,280313,7689673514564,7689672437689,7689683600605,7689671615502,
0,1336377,7689675379731,7689675379731,0,7689675672846,7689675673627,7689676210137,7689677447012,7689692075376,7689675670293,8345121,8333333,7689678826231,7689678973991,7689679148002,7689680346752,7689682747846,11614,594635,7689682747846,7689681869773,7689691945606,7689680346752,
0,1336385,7689683724907,7689683724907,0,7689684143731,7689684144668,7689686155450,7689686274148,7689700420497,7689684140293,8345132,8333333,7689687276023,7689687492012,7689688117741,7689689136543,7689691053314,13333,204062,7689691053314,7689689833679,7689700290710,7689689136543,
0,1336393,7689692069989,7689692069989,0,7689692330502,7689692331439,7689692876075,7689693009200,7689708765629,7689692326804,8345134,8333333,7689695152064,7689695223991,7689695601439,7689697073991,7689698950658,20364,246927,7689698950658,7689697901439,7689708636074,7689697073991,
0,1336401,7689700415039,7689700415039,0,7689700757116,7689700757950,7689701968002,7689702084408,7689717110763,7689700754200,8345133,8333333,7689702751127,7689704474252,7689704629043,7689705735241,7689707644148,11302,217187,7689707644148,7689706453887,7689716980554,7689705735241,
0,1336409,7689708760008,7689708760008,0,7689709052273,7689709053158,7689709668054,7689710137168,7689725455896,7689709049148,8345123,8333333,7689710483835,7689710565085,7689710738627,7689711714200,7689714799148,11614,578646,7689714799148,7689712578158,7689725325137,7689711714200,
0,1336659,7690109166002,7690109166002,0,7690110802637,7690110804356,7690111160918,7690111458210,7690150832666,7690110798575,41666666,41666664,7690111883887,7690112241700,7690112595814,7690114800189,7690117133054,35677,687031,7690117133054,7690116427741,7690192729199,7690114800189,
0,1336664,7690192765665,7690192765665,0,7690193898418,7690193902689,7690194618731,7690195391804,7690201098998,7690193883939,8333333,8333333,7690195887377,7690196110970,7690196415033,7690198461804,7690201416543,22552,499583,7690201416543,7690199750814,7690209420397,7690198461804,
0,1336672,7690201162532,7690201162532,0,7690202119772,7690202122429,7690202862637,7690203640450,7690217765664,7690202113679,8333333,8333333,7690203869356,7690203970554,7690204174043,7690205273835,7690208924147,10729,385729,7690208924147,7690206158262,7690217765866,7690205273835,
0,1336680,7690209507333,7690209507333,0,7690210067481,7690210068418,7690210858522,7690211098679,7690226098997,7690210064043,8333333,8333333,7690211281804,7690211351908,7690211481960,7690212590189,7690215816231,9584,915208,7690215816231,7690213871075,7690226111283,7690212590189,
0,1336688,7690217840666,7690217840666,0,7690218413470,7690218414460,7690219429356,7690219597793,7690234432330,7690218409877,8333333,8333333,7690219778575,7690219948366,7690220144616,7690221502064,7690223708470,13542,313177,7690223708470,7690222487064,7690234456230,7690221502064,
0,1336696,7690226173999,7690226173999,0,7690226966804,7690226967897,7690227728783,7690227880085,7690242765663,7690226963106,8333333,8333333,7690228085397,7690228152950,7690228298575,7690230092793,7690232711231,10834,376459,7690232711231,7690230931856,7690242801282,7690230092793,
0,1336704,7690234507332,7690234507332,0,7690235177533,7690235178939,7690237680554,7690237929668,7690251098996,7690235174147,8333333,8333333,7690238313470,7690238573210,7690239097845,7690240236022,7690242241543,12969,428646,7690242241543,7690241242533,7690251146438,7690240236022,
0,1336712,7690242840665,7690242840665,0,7690243457897,7690243459408,7690243764668,7690245514668,7690259432329,7690243453991,8333333,8333333,7690245857897,7690245928627,7690246479512,7690247740762,7690249554564,19584,429010,7690249554564,7690248774668,7690259490814,7690247740762,
0,1336720,7690251270867,7690251270867,0,7690251508679,7690251509460,7690251831595,7690251954981,7690267765662,7690251504616,8345400,8333333,7690252602324,7690252864720,7690252997272,7690253898783,7690256324252,8125,641198,7690256324252,7690254833262,7690267835501,7690253898783,
0,1336728,7690259616033,7690259616033,0,7690259908106,7690259909095,7690260235710,7690260361699,7690276111062,7690259905397,8345368,8333333,7690260850502,7690260938627,7690261054512,7690261906960,7690265129095,8178,417291,7690265129095,7690262578366,7690276180813,7690261906960,
0,1336736,7690267960633,7690267960633,0,7690268286283,7690268287324,7690268666699,7690268814095,7690284456430,7690268282741,8345272,8333333,7690271029877,7690271107064,7690271882481,7690273019095,7690274954824,30833,193125,7690274954824,7690273659199,7690284526074,7690273019095,
0,1336744,7690276305178,7690276305178,0,7690276566387,7690276567220,7690277069668,7690277204252,7690292801702,7690276563574,8345188,8333333,7690277753627,7690277823835,7690277933054,7690278674512,7690282210293,6198,252396,7690282210293,7690279105554,7690292871960,7690278674512,
0,1336752,7690284650030,7690284650030,0,7690284911074,7690284911960,7690285232429,7690285373210,7690301146890,7690284908002,8345152,8333333,7690285932324,7690285992168,7690286105449,7690286898783,7690290184356,8229,454427,7690290184356,7690287673939,7690301217740,7690286898783,
0,1336760,7690292995041,7690292995041,0,7690293308002,7690293309095,7690293717168,7690293874668,7690309492042,7690293304512,8345138,8333333,7690294430241,7690294540189,7690294801074,7690295936595,7690299319252,10469,1048281,7690299319252,7690297833887,7690309563470,7690295936595,
0,1336768,7690301340393,7690301340393,0,7690301779824,7690301780866,7690302184199,7690302354616,7690317837180,7690301776283,8345158,8333333,7690303524668,7690303663054,7690303843522,7690306771699,7690308864304,13542,278073,7690308864304,7690307645658,7690317909355,7690306771699,
0,1336776,7690309685925,7690309685925,0,7690310259199,7690310260658,7690310753210,7690310962949,7690326182338,7690310252064,8345191,8333333,7690311777168,7690311876127,7690312128054,7690313044043,7690316249564,9063,379531,7690316249564,7690313672689,7690326255136,7690313044043,
0,1336784,7690318031548,7690318031548,0,7690318343679,7690318344564,7690318730502,7690318887324,7690334527529,7690318340397,8345227,8333333,7690319455970,7690319567324,7690319840502,7690321135345,7690324393002,10625,557187,7690324393002,7690321993731,7678575663006,7690321135345,
0,1336792,7690326377271,7690326377271,0,7690326801543,7690326802949,7690327217793,7690327370918,7690342872756,7690326797220,8345266,8333333,7690327552168,7690327931439,7690328221022,7690329648991,7690332850397,163333,433907,7690332850397,7690330417689,7678584006808,7690329648991,
0,1336800,7690334723044,7690334723044,0,7690335040710,7690335041387,7690335394824,7690335548366,7690351218022,7690335037689,8345304,8333333,7690336327377,7690336456647,7690336634824,7690338667897,7690340934981,12448,683073,7690340934981,7690340242845,7678592350922,7690338667897,
0,1336808,7690343068753,7690343068753,0,7690343558262,7690343559616,7690344187741,7690344346752,7690359563326,7690343550502,8345333,8333333,7690344936595,7690345207168,7690345340449,7690346226283,7690349553627,10417,659063,7690349553627,7690347530970,7678600694204,7690346226283,
0,1336816,7690351414452,7690351414452,0,7690351704199,7690351704877,7690352132064,7690352292741,7690367908659,7690351700918,8345358,8333333,7690352963366,7690353047741,7690353172064,7690354073731,7690357106127,10000,332032,7690357106127,7690354855293,7678609038266,7690354073731,
0,1336824,7690359760148,7690359760148,0,7690360104720,7690360106491,7690360619824,7690360794043,7690376254017,7690360099824,8345380,8333333,7690360870554,7690361547012,7690361692220,7690362867845,7690365857429,11459,413542,7690365857429,7690363855397,7678617382068,7690362867845,
---PROFILEDATA---


View hierarchy:

  com.stagoo.rpscards/com.stagoo.rpscards.MainActivity/android.view.ViewRootImpl@c99ca01
  78 views, 152,07 kB of render nodes


Total ViewRootImpl   : 1
Total attached Views : 78
Total RenderNode     : 152,07 kB (used) / 502,04 kB (capacity)

  ProcessConfig={1.3 ?mcc0mnc [vi_VN,en_US] ldltr sw320dp w320dp h568dp 450dpi nrml long port night finger -keyb/v/h -nav/h winConfig={ mBounds=Rect(0, 0 - 900, 1598) mAppBounds=Rect(0, 0 - 900, 1598) mMaxBounds=Rect(0, 0 - 900, 1598) mDisplayRotation=ROTATION_0 mWindowingMode=fullscreen mActivityType=undefined mAlwaysOnTop=undefined mRotation=ROTATION_0 mStageConfig=undefined mEmbedActivityMode=undefined mPopOver=off mOverlappingWithCutout=false} s.1944 fontWeightAdjustment=0 ff=0 bf=-1 bts=0 cst=1.0 nightDim=0 themeSeq=0}
  Application ResourcesConfig={1.3 ?mcc0mnc [vi_VN,en_US] ldltr sw320dp w320dp h568dp 450dpi nrml long port night finger -keyb/v/h -nav/h winConfig={ mBounds=Rect(0, 0 - 900, 1598) mAppBounds=Rect(0, 0 - 900, 1598) mMaxBounds=Rect(0, 0 - 900, 1598) mDisplayRotation=ROTATION_0 mWindowingMode=fullscreen mActivityType=undefined mAlwaysOnTop=undefined mRotation=ROTATION_0 mStageConfig=undefined mEmbedActivityMode=undefined mPopOver=off mOverlappingWithCutout=false} s.1944 fontWeightAdjustment=0 ff=0 bf=-1 bts=0 cst=1.0 nightDim=0 themeSeq=0}
